image_width: 1920
image_height: 1080
camera_name: head_camera
camera_matrix:
  rows: 3
  cols: 3
  data: [919.4251221560179, 0, 930.8039993638683, 0, 918.9342437652147, 426.2774347393043, 0, 0, 1]
distortion_model: plumb_bob
distortion_coefficients:
  rows: 1
  cols: 5
  data: [-0.0006659974563785279, -0.0402550655293434, -0.01164096035526965, 0.005717217064737368, 0]
rectification_matrix:
  rows: 3
  cols: 3
  data: [1, 0, 0, 0, 1, 0, 0, 0, 1]
projection_matrix:
  rows: 3
  cols: 4
  data: [863.1061401367188, 0, 946.3947846149531, 0, 0, 903.219482421875, 411.1189551965581, 0, 0, 0, 1, 0]