image_width: 1920
image_height: 1080
camera_name: logitec_camera
camera_matrix:
  rows: 3
  cols: 3
  data: [986.3512271866924, 0, 1033.530316409749, 0, 996.042508424173, 491.3970895797706, 0, 0, 1]
distortion_model: plumb_bob
distortion_coefficients:
  rows: 1
  cols: 5
  data: [-0.07759380206266057, -0.03558673320664883, -0.01125245417198274, 0.002027936001487261, 0]
rectification_matrix:
  rows: 3
  cols: 3
  data: [1, 0, 0, 0, 1, 0, 0, 0, 1]
projection_matrix:
  rows: 3
  cols: 4
  data: [933.4418334960938, 0, 978.0901233670083, 0, 0, 995.1202392578125, 490.9420947208673, 0, 0, 0, 1, 0]